3.45451387064689e-11
3.59289086046093e-11
5.26446619803847e-11
1.30682966878485e-10
2.09223677030276e-10
1.81433289387981e-10
1.59775840982991e-10
1.50666976620894e-10
1.30501093888026e-10
1.09007435055928e-10
9.23273244237375e-11
8.37181774869154e-11
8.17007283507036e-11
8.51933681104792e-11
9.3769399640411e-11
1.06193911167927e-10
1.19605119216886e-10
1.28010622050868e-10
1.33655963373855e-10
1.49255602463079e-10
1.66588586685176e-10
1.59793698593189e-10
1.6911060348028e-10
1.90404775579501e-10
1.95586472370174e-10
2.01611405113497e-10
2.1370783692435e-10
2.0322362321905e-10
1.96537881806917e-10
2.26626425423397e-10
2.87795178366975e-10
3.12331195690402e-10
2.80057692062499e-10
2.81610002651565e-10
3.17862429405642e-10
3.23984330164906e-10
3.40892916464234e-10
3.9969782359069e-10
5.25960377421297e-10
9.60265433863238e-10
1.4713848567881e-09
1.67673681963877e-09
1.62452820309329e-09
1.73527548522677e-09
1.90686273709964e-09
2.05535769282564e-09
2.14510917629813e-09
2.13998686393686e-09
2.01107060330052e-09
2.49628156766045e-09
3.85327477936026e-09
3.65036486982552e-09
3.49991756594679e-09
3.25082141423462e-09
3.29408670481091e-09
3.39249119609585e-09
3.19553528802381e-09
2.38173068788735e-09
2.39694506304518e-09
2.45970795123005e-09
2.32865698703295e-09
2.17851775753142e-09
2.35843233588337e-09
2.46157667003424e-09
2.05051708585577e-09
1.98466723092281e-09
2.05357005022894e-09
2.2368886341849e-09
2.31782751083503e-09
2.391117958285e-09
2.56429235794726e-09
2.84594696692707e-09
2.74152450055748e-09
2.45460066799666e-09
2.43769077935704e-09
2.3680732094506e-09
2.22635353293348e-09
2.29547831657187e-09
2.47354615637897e-09
2.24647352491578e-09
2.10837986582793e-09
2.36236886841661e-09
2.44174644674413e-09
2.18153343387947e-09
2.04184368752739e-09
1.99647860251821e-09
2.03367675955978e-09
2.09623837568334e-09
2.2934320809728e-09
2.70744275988599e-09
3.28511775535586e-09
3.47030831718042e-09
3.321406689092e-09
3.10966762979195e-09
2.8573222061848e-09
2.72983597639632e-09
2.68147190671665e-09
2.58500534041935e-09
2.48570281459153e-09
2.42334089716365e-09
2.41900010801723e-09
2.46583076692976e-09
2.53139725568905e-09
2.71942249495515e-09
2.90993820113557e-09
2.87055587946336e-09
2.92577898757937e-09
3.13211788956975e-09
3.28398750202128e-09
3.28473243836653e-09
3.53460418751237e-09
3.564390496208e-09
3.25433317844954e-09
3.23127683508738e-09
3.09340170791808e-09
2.78708546207216e-09
2.61467374733412e-09
2.77210069962218e-09
3.07036186780563e-09
3.21787431334093e-09
3.14955494444289e-09
2.96277792443398e-09
3.05253035814318e-09
3.15634727184332e-09
2.87253741709248e-09
2.45995862321669e-09
2.47262223005449e-09
2.70578605785008e-09
2.76710898727964e-09
2.3065811044519e-09
2.13577337654202e-09
2.25714500816054e-09
2.20707999975881e-09
2.47393131830584e-09
2.68969531270549e-09
2.52741070272021e-09
2.37749133611628e-09
2.28166250327154e-09
2.17035393467276e-09
2.49585735911614e-09
2.82131418013787e-09
2.83781782396393e-09
2.76163985757202e-09
2.60131894014244e-09
2.44267312242215e-09
2.30303272044077e-09
1.89564317201014e-09
1.55382015637049e-09
1.49078211212176e-09
1.53800770420738e-09
1.4864431605999e-09
1.33197621740423e-09
1.22574564034186e-09
1.27977377094191e-09
1.47382398000968e-09
1.84880856121076e-09
1.93166051080414e-09
1.54998893403665e-09
1.68988986251064e-09
1.78381481865918e-09
1.74532867352463e-09
1.83561868727208e-09
1.81578115395924e-09
1.47839272281728e-09
9.47558557672465e-10
5.74639752196068e-10
4.22327976389707e-10
3.64669613526333e-10
3.05792471451034e-10
2.60008027411288e-10
2.38278593306253e-10
2.30270881197494e-10
1.58137398549303e-10
6.68311538951407e-11
3.59650133415911e-11
2.80856283827272e-11
2.27908742783876e-11
1.96958500157327e-11
1.82864656092889e-11
1.75028563550527e-11
1.61708148402799e-11
1.46412455419836e-11
1.43042085973536e-11
1.34729838897108e-11
1.13108118380349e-11
9.85998023492411e-12
9.22282287728224e-12
8.80895816546943e-12
8.46788457752356e-12
8.20813803049572e-12
8.01795921529136e-12
7.88701256877172e-12
7.80131311474862e-12
7.76184783564434e-12
7.76798973494131e-12
7.8244015456458e-12
7.93945682094952e-12
8.11150483355347e-12
8.33372221261489e-12
8.55219078733453e-12
8.66513801076469e-12
