0
2.79377982127066e-13
1.42776429585821e-12
1.60422056588985e-12
-3.57959963403022e-12
-9.18339212294142e-12
-1.30941517429691e-11
-1.536652975837e-11
-1.43517713295487e-11
-1.0852333416448e-11
-7.36752900643435e-12
-3.98847236906698e-12
6.1851814053246e-13
7.23831862221431e-12
1.55840645326212e-11
2.44207798005212e-11
3.25417662187043e-11
4.12194196479153e-11
5.48411070031004e-11
7.29165750025439e-11
9.52273792318143e-11
1.30482555883626e-10
1.82364767568476e-10
2.37215960819548e-10
2.7241154580764e-10
2.8923287257337e-10
3.01838295873061e-10
2.88168044179202e-10
2.34313752955916e-10
2.11818140242863e-10
2.47127587571047e-10
2.9624253961919e-10
2.76417033968908e-10
1.00869859571427e-10
-1.03641137991011e-10
-1.61498216282833e-10
-9.88820616968421e-11
3.36708083222544e-11
3.16774329366681e-10
8.15691968739939e-10
1.30557021869822e-09
1.43415831669447e-09
1.43573071667653e-09
1.58274553711899e-09
1.82153088362091e-09
1.83476584613618e-09
1.73310825573038e-09
1.94513744933013e-09
2.41825028935779e-09
2.94106117457988e-09
4.02566997085473e-09
5.83685051132645e-09
7.28082665945072e-09
6.56906518557298e-09
4.1477964789825e-09
2.1548418041104e-09
1.44644354363953e-09
1.72450540341549e-09
1.71081938109165e-09
1.15467667383489e-09
4.22373143380392e-10
-2.46711344763487e-10
-9.29750576565846e-10
-1.39426209313337e-09
-1.21822237889303e-09
-6.68666865858842e-10
-2.75581400732003e-10
-1.02855915153821e-10
-5.10355682515082e-11
-9.49680149708298e-11
-1.00797116025467e-10
-5.46293258187265e-11
-1.45975207874294e-10
-3.85414041339114e-10
-7.21229584625501e-10
-8.1895822175861e-10
-6.14155672120478e-10
-8.63089738580264e-11
8.01283788314436e-10
1.04879705056996e-09
1.03682785174137e-09
1.39159269924459e-09
1.53629050789238e-09
1.07266713289456e-09
8.17713856410368e-10
1.01630803477891e-09
9.67974372054216e-10
7.52647403345519e-10
6.76610355808547e-10
8.12427079029631e-10
9.02832032169939e-10
8.25934065311084e-10
9.17565202961263e-10
1.1967759304468e-09
1.2335172766355e-09
9.64221400593041e-10
8.43245960874963e-10
9.81590316660371e-10
1.24455562693528e-09
1.4103736537602e-09
1.33973064914814e-09
1.19365764728686e-09
1.05858934995824e-09
9.35227964779959e-10
1.07868545978533e-09
1.56907600847011e-09
2.02318121652213e-09
2.46591208530928e-09
3.48658521170717e-09
4.86652951508214e-09
5.06877721891404e-09
3.49037519218304e-09
1.6488788573048e-09
6.54628169550732e-10
5.78526756915501e-10
1.28443051849962e-09
1.78435933360381e-09
1.45938810808675e-09
1.14593689022778e-09
1.0647554344391e-09
1.03352377393494e-09
1.42424929400528e-09
2.0336988939449e-09
2.23684189387119e-09
1.90979024628735e-09
1.37401446402992e-09
1.23453744842553e-09
1.24572743707889e-09
8.65860287750888e-10
3.40629115604025e-10
1.40752983287665e-10
7.1245440192532e-11
-1.99149908353534e-10
-9.05178977573388e-10
-1.86923206593952e-09
-2.40668636682464e-09
-2.51644159627726e-09
-2.37524123356494e-09
-2.00762638061916e-09
-1.60276590998303e-09
-1.29346814527707e-09
-1.19653494974866e-09
-1.04646643151937e-09
-8.72232469350547e-10
-1.04448219763731e-09
-1.30096473527422e-09
-1.1721666152976e-09
-9.86764702089307e-10
-9.78177519297133e-10
-9.02823633460807e-10
-6.32237835864269e-10
-3.1685464708406e-10
-1.3329217577135e-10
-6.22382207467885e-11
-6.87900609219069e-11
-2.23584571911147e-11
2.39354974622574e-10
5.47797858113292e-10
6.97847208835415e-10
7.92125911033904e-10
1.00508736968407e-09
1.3086291095609e-09
1.46516435312338e-09
1.18931524768427e-09
6.79574746876688e-10
3.40702815981393e-10
1.65081593390893e-10
9.72343057421339e-11
8.39050480350852e-11
9.08165861719506e-11
9.62646031035172e-11
8.48730893199863e-11
5.76184406035415e-11
3.08833222773593e-11
1.48129154760922e-11
8.80038392624393e-12
6.48478502437749e-12
5.33191758555962e-12
4.83549274507436e-12
4.44601976792653e-12
4.01612308790222e-12
3.46361874870203e-12
2.68651249252722e-12
1.61265013946946e-12
6.1163564163199e-13
-3.13492319742082e-14
-3.4223152456725e-13
-4.47344010763902e-13
-4.65660741420364e-13
-4.41730885584143e-13
-3.99831461218168e-13
-3.45971064185665e-13
-2.83390451486535e-13
-2.24388555184154e-13
-1.66327483264339e-13
-1.12209654686797e-13
-6.80820576013526e-14
-3.89614854114027e-14
-1.47720534538247e-14
-4.15030948142838e-15
0
