-0.00530411747422477
-0.00530415944922424
-0.00530412596951161
-0.00530411399146639
-0.00530408914770912
-0.00530408720017779
-0.00530406960024266
-0.00530407275133863
-0.00530406364123337
-0.00530407146106882
-0.00530405256904487
-0.00530405193543023
-0.00530403084667341
-0.00530403552753948
-0.00530398546349412
-0.00530400515466075
-0.00530394020097447
-0.00530392736072827
-0.00530386723100188
-0.00530379514687714
-0.00530371805507457
-0.0053036079643789
-0.00530336455994984
-0.00530326559176804
-0.00530279940661179
-0.00530241196247516
-0.00530187497800701
-0.00530071153419461
-0.00529902104790381
-0.00529512763811605
-0.00528277408739086
-0.00525971070419473
-0.00523043465909723
-0.00520469831826631
-0.00518517321082375
-0.005166849528905
-0.00514327469318232
-0.00511900514235701
-0.00508936735604948
-0.00505340604649973
-0.00500069296685979
-0.00492756636837536
-0.00486589071382089
-0.00479869956689072
-0.00473429240325155
-0.00467859073614818
-0.00462337908538757
-0.00456451927675516
-0.00449749223844265
-0.00441580638168186
-0.00432093249916458
-0.00421538713211097
-0.00410450087929348
-0.00399751207805821
-0.00390102484137363
-0.00381363581436744
-0.00373070989007829
-0.00364647038986732
-0.00355799074289583
-0.00346346063543024
-0.0033645552142237
-0.00326314569732252
-0.00316058873522707
-0.00305544011431872
-0.00294520013176225
-0.0028296566570134
-0.00271528390173141
-0.00260441910101387
-0.00249638384050144
-0.00239024819273936
-0.00228585239150902
-0.00218186451850973
-0.0020793882637804
-0.00197867295730703
-0.00188195672543164
-0.00178953670078001
-0.00170154103377285
-0.0016130420387365
-0.00152122206191999
-0.00143424219044143
-0.00135504036250822
-0.00128053879908663
-0.00121308291851137
-0.0011520112241031
-0.00109503173896404
-0.00103049267544186
-0.000954558873272523
-0.000877474069843842
-0.000801583718139061
-0.000715653767002777
-0.000624848284225858
-0.000555247343064854
-0.000510371033366634
-0.000467637359397107
-0.000418441648850632
-0.000363669114512207
-0.000303703501363846
-0.000239053740270852
-0.00017077040820368
-9.88812092082014e-05
-2.52636958694522e-05
4.79898971358731e-05
0.000119307992341907
0.000192500132269421
0.000271146900254611
0.000354864484118404
0.000443530015303395
0.00053639157170989
0.000627334993571556
0.000713213833994549
0.000793855454517711
0.000871430727365545
0.000949427886354215
0.00103190381799815
0.0011165945519925
0.00119650621278093
0.00126401550347148
0.00132170651568941
0.00138504954286844
0.00145438865771119
0.00151925498081577
0.00158606503681706
0.00166043741295006
0.00174228111948575
0.00183064208537835
0.00192565311029883
0.00202477534773019
0.00212693764572129
0.00222726914999309
0.00232246260710175
0.00241604132414371
0.00250923338474725
0.00260035912606327
0.00268963001205217
0.00277617264706957
0.00286268995569117
0.00295071514271209
0.00304127731548457
0.00313498449031613
0.00323069105494748
0.00333208327659425
0.0034430490380449
0.00357491514781335
0.00371898471955016
0.00383368445545784
0.00394656955783527
0.00407645029099513
0.00420747707266855
0.00433006038110761
0.0044405719114972
0.00454603130492615
0.0046497658277076
0.00475777532422702
0.0048358869413884
0.00486474366516632
0.00488060526671082
0.00488436516873965
0.00487983327851301
0.00488053660956211
0.00489087543671
0.00491137386416085
0.00493809921196468
0.00497044353445138
0.00501257603112511
0.00506694326577417
0.00512628441720153
0.00517667247064916
0.00521416877442486
0.00524621433578432
0.00527341349940495
0.00528989005943004
0.00529667775299458
0.00529929761190336
0.00530056469748767
0.00530127233711634
0.00530186382638931
0.00530219450956793
0.00530246481381861
0.00530266473288066
0.00530277303914772
0.00530289728643159
0.00530297290606541
0.00530301829288267
0.00530308193871557
0.00530308895334504
0.00530312686532852
0.00530313292135058
0.00530314741687713
0.00530315842964531
0.00530315939856033
0.00530317485997027
0.0053031571842439
0.00530316480884115
0.00530316088467468
0.00530316099260138
0.00530316391147305
0.00530316791688771
0.00530317428213796
0.00530315864489239
0.00530324387060925
0.00530318534098721
