0
-3.06601613394205e-07
-6.19740663676538e-07
-9.31287065390289e-07
-1.25516597130707e-06
-1.58945331466912e-06
-1.93509447502886e-06
-2.29820064978625e-06
-2.68018678421337e-06
-3.08646332092266e-06
-3.50938161730596e-06
-3.9627947966044e-06
-4.44570603900611e-06
-4.9544889750841e-06
-5.48387332381199e-06
-6.05531501259489e-06
-6.63242241460971e-06
-7.22198857514937e-06
-7.81376320753887e-06
-8.38726524476918e-06
-8.91540650445795e-06
-9.33284917718306e-06
-9.59472735928557e-06
-9.68205643362789e-06
-9.37654145557095e-06
-8.69639620345216e-06
-7.49775042733584e-06
-5.3860866858398e-06
-2.65717836385922e-06
1.10646306653954e-06
9.32185419462902e-06
2.59961525751843e-05
4.86815787349807e-05
7.15836999637768e-05
9.81926706244233e-05
0.000133784970286044
0.000172428454666473
0.000203970075315733
0.000223633015628176
0.000227990728492777
0.000212898168926815
0.000189591625431973
0.000173367218586407
0.000163378521938521
0.000152753385877169
0.000137840575654025
0.000119786149810489
0.000101207712503992
8.26131000941643e-05
6.51143073155206e-05
4.93244874804806e-05
3.40845358062225e-05
1.96036964090022e-05
8.99083688032931e-06
5.71735967843286e-06
8.86224715420288e-06
1.39064522528543e-05
1.7519659427497e-05
1.83707494093947e-05
1.60034317791731e-05
1.06311730133276e-05
3.49633025642504e-06
-4.06877019898388e-06
-1.11764544300878e-05
-1.77031557774635e-05
-2.57524084936733e-05
-3.52878640583754e-05
-4.38341985401121e-05
-5.10526597068406e-05
-5.60792445535678e-05
-5.82140380226785e-05
-5.81601972662327e-05
-5.64319832084455e-05
-5.33658213791218e-05
-4.94045096116243e-05
-4.44210069385775e-05
-3.84059466931319e-05
-3.14656366218931e-05
-2.33812515659793e-05
-1.58463445885104e-05
-1.35220444429744e-05
-1.85772716247238e-05
-2.91798456328133e-05
-4.2792499402496e-05
-5.94764101779314e-05
-7.97914115035307e-05
-0.000101271115949449
-0.000118936860535731
-0.000129825335960732
-0.000133215216870042
-0.00013068110095323
-0.000128378925296065
-0.000129165957334365
-0.000129416493675668
-0.000128002746888474
-0.000125488086384943
-0.000119798994880682
-0.000110877222527487
-0.000101322626042825
-9.34353409220989e-05
-8.76857752170797e-05
-8.35799668158129e-05
-8.03216312818359e-05
-7.68057595953072e-05
-7.28484283332165e-05
-6.96329161809691e-05
-6.74287029044744e-05
-6.63456590975405e-05
-6.77371842054223e-05
-7.09057856435417e-05
-7.23158672382892e-05
-7.08553585369032e-05
-6.8530464372607e-05
-6.78243202217506e-05
-6.95796069164108e-05
-7.43730218519071e-05
-8.47091716682513e-05
-9.96428625027098e-05
-0.000111969425204232
-0.00011467076280051
-0.000109591130614225
-0.000103069430526403
-9.73072905020208e-05
-9.22561686073446e-05
-8.81885961968957e-05
-8.48719688330372e-05
-8.18702639525289e-05
-7.91412433306012e-05
-7.50489971252932e-05
-6.69977267027851e-05
-5.5353535836152e-05
-4.2180159631459e-05
-2.82234407770569e-05
-1.46141742594826e-05
-4.15550583336236e-06
8.47545700584836e-07
6.86977495926537e-07
-2.86586514164355e-06
-8.76529482951582e-06
-1.68189756960165e-05
-2.70530469480927e-05
-3.93726724142359e-05
-5.53252739214175e-05
-7.82205113282567e-05
-0.000112423145269602
-0.000155145121265576
-0.000199440079948469
-0.000241728596370727
-0.00027669981269914
-0.000303360990185316
-0.000325606469449014
-0.000349288847988719
-0.000381889034838305
-0.000433279034027123
-0.000473796465630875
-0.000458701279209291
-0.000400034799164395
-0.000332838068381136
-0.000268587731715897
-0.000208648328418567
-0.000153868853643028
-0.000104809911441942
-6.28755407976467e-05
-2.9096797837506e-05
-4.37100895685679e-06
1.00404816973191e-05
1.37991420873599e-05
1.17319165150083e-05
1.10865719875619e-05
1.26070739498256e-05
1.12775236019343e-05
7.18064429531632e-06
3.71011143673883e-06
1.14497030819412e-06
-1.07167369112204e-06
-2.52639271073699e-06
-3.64687648139276e-06
-4.45860005093834e-06
-4.96716958586774e-06
-5.30465061684045e-06
-5.44062743893884e-06
-5.45070449931018e-06
-5.39302345596108e-06
-5.22586708662232e-06
-5.02750962520319e-06
-4.77038186493435e-06
-4.49271813944089e-06
-4.1917620399919e-06
-3.87746014910798e-06
-3.55325172722113e-06
-3.22738653698214e-06
-2.89459683984935e-06
-2.56689900224316e-06
-2.23681479664487e-06
-1.91098283449283e-06
-1.58759704220005e-06
-1.26620573492886e-06
-9.49147900793553e-07
-6.28574141958715e-07
-3.14343494511871e-07
0
